Garn-Format Ver. 2.0 RECO-CSV
TotalFibers
1
Fiber
1;2;0;0;0
123;130;230;
10
0.5951360225676282;-2.9699774898013365;0.0;
-1.9190469868621987;-2.177796912600421;1.0;
-2.4849879690567875;0.2624969503183392;2.0;
-0.5823633949569924;2.5041383545174796;3.0;
2.0395624764126095;2.850697775875589;4.0;
2.970203090545469;1.0399059535050774;5.0;
1.3539317586769184;-1.5578659623500566;6.0;
-1.3232591104902354;-2.9766759763578103;7.0;
-2.5999725783419696;-2.1427969560816003;8.0;
-1.3024041704012177;0.3127080805970906;9.0;
